<<<<<<< HEAD
4294967278,32
4294967278,31
4294967278,30
4294967278,29
4294967278,28
4294967278,27
4294967278,26
4294967278,25
4294967278,24
4294967278,23
4294967278,22
4294967278,21
4294967278,20
4294967278,19
4294967278,18
4294967278,17
4294967278,16
4294967278,15
4294967278,14
4294967278,13
4294967278,12
4294967278,11
4294967278,10
4294967278,9
4294967278,8
4294967278,7
4294967278,6
4294967278,5
4294967278,4
4294967279,132
4294967279,131
4294967279,130
4294967279,129
4294967279,128
4294967279,127
4294967279,126
4294967279,125
4294967279,124
4294967279,123
4294967279,122
4294967279,121
4294967279,120
4294967279,119
4294967279,118
4294967279,117
4294967279,116
4294967279,115
4294967279,114
4294967279,113
4294967279,112
4294967279,111
4294967279,110
4294967279,109
4294967279,108
4294967279,107
4294967279,106
4294967279,105
4294967279,104
4294967279,103
4294967279,102
4294501266,0
4294967294,91
13,4
20,4
7,4
9,4
4294967278,209
4294967279,208
4294967279,543
4294967294,1423
4294967278,349
4294967279,542
4294967278,348
4294967279,541
4294967278,204
4294967279,203
4294967294,329
4294967294,325
4294967294,973
4294967294,1013
4294967278,203
4294967278,347
4294967278,346
4294967279,202
4294967279,540
4294967278,202
4294967279,201
4294967279,200
4294967278,200
4294967278,198
4294967279,199
34,4
4294967278,199
34,3
34,2
34,1
34,0
4294967278,345
4294967279,198
4294967279,539
4294967278,344
4294967279,196
4294967278,196
4294967278,343
4294967279,522
4294967278,342
4294967278,292
4294967279,296
4294967278,290
4294967279,295
4294967278,291
4294967279,191
4294967278,191
4294967294,1422
4294967279,190
4294967279,293
4294967278,190
4294967278,289
4294967294,89
4294967279,189
4294967278,189
4294967278,188
4294967279,187
4294967279,185
4294967278,187
33,4
4294967279,186
33,3
33,2
33,1
33,0
=======
>>>>>>> d252a743611e9c1f98b85170215deb7d852d0d67
4294967278,132
4294967278,131
4294967278,130
4294967278,129
4294967278,128
4294967278,127
4294967278,126
4294967278,125
4294967278,124
4294967278,123
<<<<<<< HEAD
4294967278,122
4294967278,121
4294967278,120
4294967278,119
4294967278,118
4294967278,117
4294967278,116
4294967278,115
4294967278,114
4294967278,113
4294967278,112
4294967278,111
4294967278,110
4294967278,109
4294967278,108
4294967278,107
4294967278,106
4294967278,105
4294967278,104
4294967278,103
4294967278,102
4294967278,101
4294967278,100
4294967278,99
4294967278,98
4294967278,97
4294967278,96
4294967278,95
4294967278,94
4294967278,93
4294967278,92
4294967278,91
4294967278,90
4294967278,89
4294967278,87
4294967278,86
4294967278,85
4294967278,84
4294967278,83
4294967278,82
4294967278,81
4294967278,80
4294967278,79
4294967278,78
4294967278,77
4294967278,76
4294967278,75
4294967278,74
4294967279,101
4294967279,100
4294967279,99
4294967279,98
4294967279,97
4294967279,96
4294967279,95
4294967279,94
4294967279,93
4294967279,92
4294967279,91
4294967279,90
4294967279,89
4294967279,87
4294967279,86
4294967279,85
4294967279,84
4294967279,83
4294967279,82
=======
4294967278,117
4294967278,114
4294967278,105
4294967278,98
4294967278,97
4294967278,96
4294967278,93
4294967278,89
4294967278,84
4294967278,81
>>>>>>> d252a743611e9c1f98b85170215deb7d852d0d67
4294967279,81
4294967279,80
4294967279,79
4294967279,78
4294967279,77
4294967279,76
4294967279,75
4294967279,74
4294967279,73
4294967279,72
<<<<<<< HEAD
4294967279,69
4294967279,67
4294967279,64
=======
4294967279,71
4294967279,70
4294967279,69
4294967279,68
4294967279,67
4294967279,66
4294967279,65
4294967279,64
4294967279,63
>>>>>>> d252a743611e9c1f98b85170215deb7d852d0d67
4294967279,62
4294967279,61
4294967279,60
4294967279,59
<<<<<<< HEAD
4294967279,55
4294967279,54
4294967279,49
=======
4294967279,58
4294967279,57
4294967279,56
4294967279,55
4294967279,54
4294967279,53
4294967279,52
4294967279,51
4294967279,50
4294967279,49
4294967279,48
>>>>>>> d252a743611e9c1f98b85170215deb7d852d0d67
4294967279,47
4294967279,46
4294967279,45
4294967279,44
<<<<<<< HEAD
=======
4294967279,43
4294967279,42
4294967279,41
4294967279,40
4294967279,39
>>>>>>> d252a743611e9c1f98b85170215deb7d852d0d67
4294967279,38
4294967279,37
4294967279,36
4294967279,35
<<<<<<< HEAD
4294967279,33
4294967279,30
=======
4294967279,34
4294967279,33
4294967279,32
4294967279,31
4294967279,30
4294967279,29
>>>>>>> d252a743611e9c1f98b85170215deb7d852d0d67
4294967279,28
4294967279,27
4294967279,26
4294967279,137
4294967279,25
<<<<<<< HEAD
=======
4294967279,24
4294967279,283
4294967279,23
>>>>>>> d252a743611e9c1f98b85170215deb7d852d0d67
4294967279,312
4294967279,22
4294967279,21
4294967279,311
4294967279,20
4294967279,310
4294967279,18
4294967279,519
4294967279,17
4294967279,278
4294967279,16
<<<<<<< HEAD
4294967279,309
4294967279,15
4294967279,279
4294967279,12
4294967279,10
4294967279,520
4294967279,9
4294967279,517
4294967279,8
4294967279,6
4294967279,280
4294967279,5
4294967279,174
4294967279,88
4294967279,523
4294967279,516
4294967279,4
4294967278,341
4294967279,71
4294967279,292
4294967278,340
4294967279,183
4294967279,538
4294967279,70
16,4
8,4
4294967279,537
4294967279,68
4294967278,339
4294967278,338
4294967294,401
4294967279,536
4294967279,66
4294967278,337
4294967279,535
4294967279,65
4294967278,336
4294967279,177
4294967294,407
4294967294,403
4294967279,176
4294967279,534
4294967279,63
4294967278,335
4294967279,175
4294967279,172
4294967279,170
32,4
4294967279,171
32,3
32,2
32,1
=======
4294967279,15
4294967279,281
4294967279,14
4294967279,13
4294967279,11
4294967279,10
4294967279,9
4294967279,8
4294967279,275
4294967279,7
4294967279,6
4294967279,280
4294967279,5
4294967279,260
4294967279,516
4294967279,4
4294967279,19
4294967279,518
4294501266,0
4294967279,270
9,4
8,4
16,4
2,4
19,4
7,4
20,4
25,4
13,4
4294967294,27
4294967294,1007
4294967294,1005
4294967294,1004
4294967294,991
4294967294,964
4294967294,961
4294967294,960
4294967294,377
4294967294,831
4294967294,56
4294967294,402
4294967294,91
4294967294,19
4294967294,405
23,4
4294967279,12
4294967279,279
4294967294,5
4294967294,10
4294967294,965
4294967294,11
4294967279,263
4294967294,1027
4294967294,1025
4294967294,987
4294967294,985
4294967294,984
4294967294,979
4294967294,977
4294967294,970
4294967294,968
4294967294,45
4294967294,93
4294967294,71
0,5
4294967279,262
4294967294,7
4294967294,87
4294967294,86
4294967294,90
4294967294,88
4294967279,261
26,4
26,3
26,2
26,1
26,0
4294967294,9
4294967279,259
4294967294,8
0,7
4294967294,48
4294967294,350
4294967294,973
4294967294,1013
4294967294,1420
4294967294,2
4294967294,0
4294967294,347
4294967294,975
4294967294,26
4294967294,341
4294967294,25
4294967294,24
4294967294,988
4294967294,22
4294967294,80
4294967294,1
4294967294,38
4294967294,83
4294967294,99
4294967294,159
4294967294,21
4294967294,179
4294967294,185
4294967294,23
4294967294,1024
4294967294,986
4294967294,982
4294967294,981
4294967294,980
4294967294,974
4294967294,972
4294967294,966
4294967294,182
4294967294,175
4294967294,163
4294967294,154
4294967294,77
4294967294,12
4294967294,62
4294967294,63
4294967294,76
4294967279,523
4294967293,131
4294967293,130
4294967293,129
4294967293,128
4294967293,127
4294967293,126
4294967293,125
4294967293,124
4294967293,123
4294967293,122
4294967293,121
4294967293,120
4294967293,119
4294967293,118
4294967293,117
4294967293,116
4294967293,115
4294967293,114
4294967293,113
4294967293,112
4294967293,111
4294967293,110
4294967293,109
4294967293,108
4294967293,107
4294967293,106
4294967293,105
4294967293,104
4294967293,103
4294967293,102
4294967293,101
4294967293,100
4294967293,99
4294967293,98
4294967293,97
4294967293,96
4294967293,95
4294967293,94
4294967293,93
4294967293,92
4294967293,91
4294967293,90
4294967293,89
4294967293,88
4294967293,87
4294967293,86
4294967293,85
4294967293,84
4294967293,83
4294967293,82
4294967293,81
4294967293,80
4294967293,79
4294967293,78
4294967293,77
4294967293,76
4294967293,75
4294967293,74
4294967293,73
4294967293,72
4294967293,71
4294967293,70
4294967293,69
>>>>>>> d252a743611e9c1f98b85170215deb7d852d0d67
